65
40
20
1
23 1 13 24 33 9 13 34 4 33 38 19 16 36 29 4 34 25 7 30
6
28
18 37 18 29 2 31
16
22
36 31 17 34 23 1 29 9 29 4 12 28 14 9 10 19
6
11
25 23 16 9 12 20
4
26
1 19 10 25
7
33
34 36 38 19 4 35 36
0
16

14
8
0 38 20 29 17 36 23 28 1 14 22 6 13 13
6
29
5 24 30 36 7 26
19
15
21 7 14 3 4 20 29 3 36 16 6 34 21 14 3 16 34 35 11
6
4
8 5 30 39 18 3
13
6
36 12 4 37 27 38 19 1 6 8 18 20 4
9
36
14 37 8 12 19 17 4 34 13
17
1
17 36 19 22 34 29 28 39 29 38 12 0 35 21 38 27 13
6
24
10 39 31 5 33 8
8
36
35 0 10 16 13 37 0 34
12
31
24 5 19 28 0 15 33 1 19 10 4 13
1
17
24
4
23
28 9 29 12
14
1
34 6 36 4 35 0 27 31 25 1 30 2 18 37
11
15
17 17 0 12 29 2 19 5 39 1 19
16
38
32 37 9 35 4 13 34 37 5 39 30 39 7 35 13 28
2
38
33 38
6
1
26 12 4 11 26 4
7
19
18 10 31 34 4 28 22
11
25
3 26 32 38 28 28 3 35 30 33 34
19
16
21 18 37 9 32 21 18 37 31 21 15 37 6 8 12 35 16 16 10
10
34
2 5 39 12 22 11 28 31 29 24
5
34
18 23 18 21 5
6
35
31 21 37 15 28 7
7
21
24 7 24 7 31 36 23
13
13
21 7 28 33 25 6 28 26 28 36 16 38 35
14
11
5 8 35 23 23 29 14 12 33 24 20 7 12 27
10
31
26 38 31 32 22 21 29 31 19 8
14
2
22 19 16 35 6 2 30 29 27 13 23 29 36 13
0
32

9
5
38 31 33 33 34 34 17 17 35
3
19
27 2 8
14
13
13 36 35 3 5 32 7 18 10 17 2 11 23 6
7
15
21 13 19 9 4 38 24
6
22
6 8 16 38 7 9
18
32
21 8 23 13 33 29 27 9 0 22 25 13 23 36 13 4 16 24
11
25
31 5 31 24 0 35 21 6 14 13 24
9
9
37 31 33 8 38 10 0 5 1
1
12
35
3
18
2 39 39
11
14
31 26 5 17 6 15 37 18 6 14 17
8
7
3 32 33 10 26 9 33 10
13
30
34 0 20 33 30 26 33 0 24 34 5 19 20
3
3
39 1 10
16
37
27 1 29 13 5 2 0 7 13 11 7 12 18 27 5 29
17
3
7 12 36 15 30 25 5 19 5 2 0 23 25 29 36 29 19
12
37
11 21 22 29 7 35 23 2 9 13 38 4
14
1
0 11 0 9 39 35 0 4 8 16 30 37 32 34
10
0
11 14 19 7 17 14 34 35 4 14
11
17
27 18 15 33 38 35 21 30 23 32 31
10
39
21 4 20 35 24 38 21 13 11 7
10
11
32 20 29 5 20 2 38 19 5 17
13
1
35 25 27 14 39 17 5 23 26 28 6 4 39
2
15
39 35
16
1
15 6 28 20 20 16 5 30 34 21 12 5 17 8 20 38
16
26
1 31 0 24 24 16 5 11 12 10 8 5 32 38 9 36
14
2
22 14 25 29 13 6 23 22 28 23 31 32 26 15
6
39
30 7 12 25 8 35
17
27
36 35 4 35 25 5 3 14 21 32 22 23 12 35 5 26 11
17 3 43 35 0 63 8 6 18 8 19 28 31 8 55 24 0 29 0 4 59 30 29 26
